diameter,epconst,wavelength,intensity
20,1,506.82,137.31
30,1,506.82,482.06
40,1,506.82,1199.62
50,1,506.82,2496.4
60,1.2,512.44,4661.9
70,1,512.44,8042.4
80,1,512.44,12951.077
90,1,518.07,19846.5
100,1,518.07,28702.25
105,1,523.69,33818.089
110,1,523.69,39508.056
115,1,523.69,45400.69
120,1,523.69,51353.67
125,1,529.31,57746.53
130,1.1,529.31,64044.57
135,1.2,534.93,72786.95
140,1.3,534.93,76335.077
145,1,534.93,82189.21
150,1,540.56,87884.58
160,1,546.18,98629.45
170,1,551.8,108668.6
180,1,563.05,118288.15
190,1,574.29,127188.99
200,1.2,579.91,135493.73
205,1.3,585.54,139323.78
210,1.1,585.54,143050.76
215,1.1,591.16,146639.03
220,1,596.78,150112.84
225,1.1,602.4,153525.11
84,1,512,14876.67
96,1.1,518,23910
98,1,518.07,25666.36
66,1.1,512,6356
111,1,523,38731.95
132,1.2,529.32,63681.99
117,1,523.69,45604.74
32,1.2,506.82,581
46,1.5,506.83,1864
49,1.5,506.83,2296.23
58,1.5,512.44,4050.47
31,1.5,506,526
29,1.5,506,426
189,1.6,563,123610
184,1.6,563,119090
201,1.6,574,133920
191,1.6,574,128075
162,1.4,546,100693
159,1.4,546,97566
119,1.4,523.7,50164
144,1.4,534,81054
100,1.4,518,28702.25
113,1,523,43028
83,1.3,512,14755
19,1,506,11707
39,1,506.82,1105
44,1.3,506,1800
63,1,512.44,5533
163,1.8,546,101696
179,1,563.05,117350.18
211,1.1,585.54,143759
18,1,506.82,137.31
27,1,506.82,482.06
43,1.1,506.82,1199.62
49,1,506.82,2496.4
56,1,512.44,4661.9
68,1.5,512.44,8042.4
81,1.5,512.44,12951.077
87,1.5,518.07,19846.5
99,1.5,518.07,28702.25
104,1.5,523.69,33818.089
111,1,523.69,39508.056
115,1.5,523.69,45400.69
121,1.3,523.69,51353.67
126,1.3,529.31,57746.53
131,1.3,529.31,64044.57
136,1.6,534.93,72786.95
139,1,534.93,76335.077
141,1.6,534.93,82189.21
151,1.6,540.56,87884.58
159,1.6,546.18,98629.45
169,1.6,551.8,108668.6
181,1.6,563.05,118288.15
189,1.6,574.29,127188.99
201,1.3,579.91,135493.73
204,1.3,585.54,139323.78
209,1.3,585.54,143050.76
214,1.3,591.16,146639.03
221,1.3,596.78,150112.84
224,1.4,602.4,153525.11